100,001
100,002
100,003
100,004
100,005
100,006
100,007
100,008
100,009
100,010
100,011
100,012
100,013
100,014
100,015
100,016
100,017
100,018
100,019
100,020
100,021
100,022
100,023
100,024
100,025
100,026
100,027
100,028
100,029
100,030
100,031
100,032
100,033
100,034
100,035
100,036
100,037
100,038
100,039
100,040
100,041
100,042
100,043
100,044
100,045
100,046
100,047
100,048
100,049
100,050
100,051
100,052
100,053
100,054
100,055
100,056
100,057
100,058
100,059
100,060
100061
100062
100063
100064
100065
100066
100067
100068
100069
100070
100071
100072
100073
100074
100075
100076
100077
100078
100079
100080
100081
100082
100083
100084
100085
100086
100087
100088
